409,57
418,101
403,12
403,11
403,15
403,31
0,477
0,475
397,4
400,9
399,3
398,3
403,22
400,16
400,14
400,25
400,6
400,3
400,4
400,8
400,12
400,11
400,69
400,23
400,22
400,19
400,17
400,20
400,35
400,36
400,28
400,27
400,33
400,31
400,30
400,71
400,68
400,66
400,39
400,38
400,41
0,319
400,64
0,431
0,309
402,4
403,26
409,55
409,58
401,4
403,28
403,4
406,5
403,9
403,14
403,3
403,7
403,6
403,25
403,19
403,17
408,4
406,4
403,30
403,20
395,70
395,67
395,64
395,33
395,31
395,28
395,25
395,23
395,20
395,17
395,14
395,12
395,9
395,6
395,4
411,3
403,29
407,4
409,10
409,9
409,4
408,5
408,7
408,8
409,6
409,3
409,26
409,19
409,7
409,16
409,15
409,12
409,21
409,24
409,23
418,42
418,45
418,43
418,41
418,40
418,94
409,30
409,33
409,34
409,36
409,41
409,40
409,47
409,44
409,52
409,48
409,50
409,61
418,100
418,2
418,0
410,3
403,16
0,424
0,419
403,32
0,414
0,453
413,3
403,24
432,3
432,4
424,3
414,3
0,410
0,318
418,4
418,6
0,444
0,447
0,446
0,334
0,399
443,2
444,4
396,3
401,3
418,1
418,99
0,452
0,311
0,463
0,473
0,406
446,3
0,440
403,8
0,7
443,3
443,4
0,501
0,363
427,5
427,2
427,4
427,10
427,7
0,479
0,388
0,466
0,469
433,3
398,4
399,4
397,3
400,65
400,40
400,37
400,21
400,10
400,7
400,32
414,4
0,407
0,315
0,381
0,418
0,451
0,465
0,347
0,429
0,478
427,1
427,8
400,70
400,67
400,34
403,27
400,29
400,26
400,24
403,13
400,18
403,10
402,5
402,3
412,4
403,5
0,457
0,432
0,378
0,312
0,471
0,480
0,425
0,443
0,421
0,448
0,400
0,416
0,468
0,442
0,417
0,401
0,474
0,470
0,415
0,486
0,374
0,396
0,301
427,11
427,9
0,462
0,278
0,277
0,276
0,275
0,274
0,273
0,272
0,271
0,270
0,269
0,268
0,267
0,266
0,265
0,264
0,263
0,262
0,261
0,260
0,259
0,258
0,257
0,256
0,255
0,254
0,253
0,252
0,251
0,250
0,249
0,248
0,247
0,246
0,245
0,244
0,242
0,241
0,240
0,239
0,238
0,237
0,236
0,235
0,234
0,233
0,232
0,231
0,230
0,229
0,228
0,227
0,226
0,223
0,218
0,215
0,211
0,203
0,201
0,200
0,199
0,198
0,197
0,196
0,195
0,194
0,193
0,192
0,63
0,62
0,61
0,60
0,59
0,58
0,57
0,56
0,55
0,54
0,53
0,52
0,51
0,50
0,49
0,48
0,47
0,46
0,45
0,6
0,225
0,348
0,224
0,222
0,221
0,461
0,220
0,391
0,219
0,439
0,217
0,412
0,216
409,53
409,35
409,28
409,14
409,38
409,49
409,42
409,20
409,5
409,56
409,59
409,17
409,46
409,31
409,25
409,22
409,11
409,2
0,214
0,213
0,212
0,445
0,210
0,467
0,209
0,208
0,207
0,306
409,8
0,206
0,373
0,205
0,393
406,3
403,21
0,204
418,5
418,46
408,3
0,11
0,202
458,9
0,459
400,15
400,13
400,5
2,5
1,3
427,6
427,3
0,405
427,12
458,8
458,7
458,6
418,98
459,4
459,3
459,2
459,1
459,0
458,5
458,4
458,3
458,2
458,1
458,0
457,5
457,4
457,3
457,2
457,1
457,0
456,6
456,5
456,4
456,3
456,2
456,1
456,0
444,484
444,483
444,482
444,481
444,480
444,479
444,478
444,477
444,476
444,475
444,474
444,473
444,472
444,471
444,470
444,469
444,468
444,467
444,466
444,465
444,464
444,463
444,462
444,461
444,460
444,459
444,458
444,457
444,456
444,455
444,454
444,453
444,452
444,451
444,450
444,449
444,448
444,444
444,443
444,442
444,441
444,440
444,439
444,438
444,437
444,436
444,435
444,434
444,433
444,432
444,431
444,430
444,429
444,428
444,427
444,426
444,383
444,382
444,381
444,380
444,379
444,378
444,377
444,376
444,375
444,374
444,373
444,372
444,371
444,370
444,369
444,368
444,367
444,366
444,365
444,364
444,363
444,362
444,361
444,360
444,359
444,358
444,357
444,356
444,355
444,354
444,353
444,352
444,351
444,350
444,349
444,348
444,347
444,346
444,345
444,344
444,343
444,342
444,341
444,340
444,339
444,338
444,337
444,336
444,335
444,334
444,333
444,332
444,331
444,330
444,329
444,328
444,327
444,326
444,325
444,324
444,323
444,322
444,321
444,320
444,319
444,318
418,97
444,317
444,316
444,315
444,314
444,313
444,312
444,311
444,310
444,309
444,308
444,307
444,306
444,305
444,304
444,303
444,302
444,301
444,300
444,299
444,298
444,297
444,296
444,295
444,294
444,293
444,292
444,291
444,290
444,289
444,288
444,287
444,286
444,285
444,284
444,283
444,282
444,281
444,280
444,279
444,278
444,277
444,276
444,275
444,274
444,273
444,272
444,271
444,270
444,269
444,268
444,267
444,266
444,265
444,264
444,263
444,262
444,261
444,260
444,259
444,258
444,257
444,256
444,36
444,35
444,34
444,33
444,32
444,31
444,30
444,29
444,28
444,27
444,26
444,25
444,24
444,23
418,47
418,44
418,96
1,0
0,539
0,538
0,537
0,536
0,535
0,534
0,533
0,532
0,531
0,530
0,529
0,528
0,527
0,526
0,525
0,524
0,523
0,522
0,521
0,520
0,519
0,518
0,517
0,516
0,515
0,514
0,513
0,512
0,511
0,510
0,509
0,508
0,506
0,505
0,504
0,503
0,502
0,500
0,499
0,498
0,497
0,496
0,495
0,494
0,493
0,492
0,491
0,490
0,489
0,488
0,487
0,485
0,484
0,483
0,482
0,481
0,438
0,422
0,420
0,411
0,408
0,403
0,402
0,394
0,392
0,390
0,389
0,387
0,386
0,384
0,380
0,377
0,372
0,370
0,369
0,368
0,366
0,365
0,362
0,361
0,360
0,359
0,358
0,356
0,351
0,350
0,346
0,345
0,344
0,343
0,342
0,341
0,340
0,339
0,338
0,337
0,336
0,335
0,333
0,332
0,331
0,330
0,329
0,328
0,327
0,326
0,325
0,324
0,323
0,322
0,321
0,320
0,316
0,314
0,243
0,1
0,0
418,95
418,3
0,9
0,310
0,305
0,308
0,304
0,303
0,302
0,307
0,12
0,10
0,8
0,300
0,395
0,299
0,455
0,298
0,464
0,297
0,476
0,296
0,454
0,295
0,294
0,472
0,293
0,436
0,292
0,460
0,291
0,428
0,290
0,317
0,289
0,458
0,288
0,385
0,287
0,434
0,286
0,435
0,285
0,450
0,284
0,449
0,283
0,313
0,282
0,397
0,281
0,280
0,433
0,279
0,404
1,1
1,2
2,0
2,1
2,3
2,4
2,6
2,8
3,0
3,2
3,3
3,5
4,0
4,1
4,3
395,0
395,2
395,3
395,5
395,7
395,8
395,10
395,11
395,13
395,15
395,16
395,18
395,19
395,21
395,22
395,24
395,26
395,27
395,29
395,30
395,32
395,34
395,35
395,65
395,66
395,68
395,69
395,71
396,1
396,2
396,4
397,0
397,2
398,0
398,2
399,0
399,2
400,0
400,1
401,0
401,2
401,5
402,1
402,2
403,0
403,1
403,23
403,33
406,0
406,2
407,1
407,2
408,0
408,2
409,1
409,18
409,27
409,37
410,0
410,2
410,5
411,1
411,2
412,0
412,1
412,3
413,0
413,1
414,0
414,2
418,7
418,9
418,11
418,12
418,14
418,15
418,17
418,19
418,20
418,22
418,23
418,25
418,26
418,28
418,30
418,31
418,33
418,34
418,36
418,38
418,39
418,64
418,66
418,67
418,69
418,70
418,72
418,74
418,75
418,77
418,78
418,80
418,81
418,83
418,85
418,86
418,88
418,89
418,91
418,93
424,1
424,2
424,4
427,0
432,0
432,1
433,0
433,2
443,1
444,0
444,2
444,5
444,7
444,8
444,10
444,12
444,13
444,15
444,16
444,18
444,19
444,21
444,384
444,385
444,387
444,388
444,390
444,392
444,393
444,395
444,396
444,398
444,399
444,401
444,403
444,404
444,406
444,407
444,409
444,411
444,412
444,414
444,415
444,417
444,419
444,420
444,422
444,423
444,425
444,445
444,447
444,486
444,487
444,489
444,490
444,492
444,494
444,495
444,497
444,498
444,500
444,501
444,503
444,505
444,506
444,508
444,509
444,511
444,513
444,514
444,516
444,517
444,519
444,520
444,522
444,524
444,525
444,527
444,528
444,530
444,532
444,533
444,535
444,536
444,538
444,540
444,541
444,543
444,544
444,546
444,547
444,549
444,551
444,552
444,554
444,555
444,557
444,559
444,560
444,562
444,563
444,565
444,566
444,568
444,570
444,571
444,573
444,574
444,576
444,578
444,579
444,581
444,582
444,584
444,585
444,587
444,589
444,590
444,592
444,593
444,595
444,597
444,598
444,600
444,601
444,603
444,604
444,606
444,608
444,609
444,611
444,612
444,614
444,616
444,617
444,619
444,620
444,622
444,624
444,625
444,627
444,628
444,630
444,631
444,633
444,635
444,636
444,638
444,639
446,1
446,4
446,6
446,7
446,9
446,10
446,12
446,14
446,15
446,17
446,18
446,20
446,22
446,23
446,25
446,26
446,28
446,29
446,31
446,33
446,34
446,64
446,65
446,67
446,69
446,70
446,72
446,73
446,75
446,77
446,78
446,80
446,81
446,83
446,84
446,86
446,88
446,89
446,91
446,92
446,94
446,96
446,97
446,99
446,100
446,102
446,103
446,105
446,107
446,108
446,110
446,111
446,113
446,115
446,116
446,118
446,119
446,121
446,122
446,124
446,126
446,127
446,129
446,130
446,132
446,134
446,135
446,137
446,138
446,140
446,141
446,143
446,145
446,146
446,148
446,149
446,151
446,153
446,154
446,156
446,157
446,159
446,161
446,162
446,164
446,165
446,167
446,168
446,170
446,172
446,173
446,175
446,176
446,178
446,180
446,181
446,183
446,184
446,186
446,187
446,189
446,191
446,192
446,194
446,195
446,197
446,199
446,200
446,202
446,203
446,205
446,206
453,0
453,2
453,3
453,5
453,6
453,8
453,10
453,11
453,13
453,14
453,16
453,18
453,19
453,21
455,0
455,2
455,3
455,5
455,4
455,1
453,20
453,17
453,15
453,12
453,9
453,7
453,4
453,1
446,207
446,204
446,201
446,198
446,196
446,193
446,190
446,188
446,185
446,182
446,179
446,177
446,174
446,171
446,169
446,166
446,163
446,160
446,158
446,155
446,152
446,150
446,147
446,144
446,142
446,139
446,136
446,133
446,131
446,128
446,125
446,123
446,120
446,117
446,114
446,112
446,109
446,106
446,104
446,101
446,98
446,95
446,93
446,90
446,87
446,85
446,82
446,79
446,76
446,74
446,71
446,68
446,66
446,35
446,32
446,30
446,27
446,24
446,21
446,19
446,16
446,13
446,11
446,8
446,5
446,2
446,0
444,637
444,634
444,632
444,629
444,626
444,623
444,621
444,618
444,615
444,613
444,610
444,607
444,605
444,602
444,599
444,596
444,594
444,591
444,588
444,586
444,583
444,580
444,577
444,575
444,572
444,569
444,567
444,564
444,561
444,558
444,556
444,553
444,550
444,548
444,545
444,542
444,539
444,537
444,534
444,531
444,529
444,526
444,523
444,521
444,518
444,515
444,512
444,510
444,507
444,504
444,502
444,499
444,496
444,493
444,491
444,488
444,485
444,446
444,424
444,421
444,418
444,416
444,413
444,410
444,408
444,405
444,402
444,400
444,397
444,394
444,391
444,389
444,386
444,22
444,20
444,17
444,14
444,11
444,9
444,6
444,3
444,1
443,0
433,1
432,5
432,2
424,0
418,92
418,90
418,87
418,84
418,82
418,79
418,76
418,73
418,71
418,68
418,65
418,37
418,35
418,32
418,29
418,27
418,24
418,21
418,18
418,16
418,13
418,10
418,8
414,1
413,2
412,2
411,0
410,4
410,1
409,0
408,6
408,1
407,3
407,0
406,1
403,18
403,2
402,0
401,1
400,2
399,1
398,1
397,1
396,0
395,1
4,2
3,6
3,4
3,1
2,7
2,2
0,357
0,375
0,427
0,398
0,371
0,426
0,354
0,413
0,353
0,423
0,364
0,376
0,367
0,352
0,349
0,456
0,430
0,409
0,441
0,437
0,507
0,379
0,355
0,5
0,4
0,2
0,3
